297
300
302
303
303
298
296
295
297
293
293
294
298
302
300
288
283
282
276
276
277
303
308
203
279
291
299
306
312
318
322
329
330
330
325
306
292
282
285
285
287
289
289
293
297
297
297
293
288
289
289
289
287
300
306
300
295
290
292
295
293
292
298
370
208
265
289
299
312
317
322
324
330
331
332
326
314
298
284
283
283
285
285
290
289
291
287
288
285
283
283
283
282
284
294
289
286
282
283
278
281
278
293
334
193
267
271
280
288
292
294
301
311
323
323
319
299
285
281
277
275
277
273
272
271
271
266
262
262
259
261
260
260
268
277
268
273
259
255
251
252
254
261
353
181
227
261
272
283
292
298
303
309
315
315
312
292
272
257
254
245
244
253
254
257
255
257
254
255
256
263
265
268
273
280
291
279
281
270
272
273
273
270
289
320
186
272
281
294
306
307
313
317
318
321
320
313
296
283
277
282
285
284
287
289
294
299
297
301
302
305
310
312
305
299
298
296
300
304
304
342
235
226
283
291
296
300
303
307
307
316
317
314
295
276
259
254
251
247
252
251
255
253
248
244
245
242
244
256
255
253
248
247
249
254
261
305
223
208
272
285
291
300
305
314
317
322
319
319
306
286
272
263
264
266
269
270
271
268
268
271
271
271
271
272
270
262
253
247
245
245
242
244
250
347
180
231
245
258
268
271
272
276
283
295
304
301
285
259
246
239
242
245
254
257
260
256
257
260
263
263
265
271
274
284
293
286
280
273
267
268
265
262
260
261
257
275
349
188
269
277
292
295
301
307
308
316
323
322
315
292
277
264
258
256
255
255
255
254
256
252
247
243
244
227
216
198
183
170
154
138
128
131
220
62
119
102
101
94
96
98
106
117
132
138
133
121
103
103
107
114
121
134
152
160
168
174
175
181
192
186
184
178
178
172
166
160
160
245
126
151
168
171
171
181
193
208
226
242
252
253
238
227
210
211
212
213
215
223
229
229
243
244
249
255
259
270
290
301
307
310
310
310
309
304
303
306
363
594
603
596
602
596
607
604
594
594
597
602
596
604
600
597
595
599
600
604
596
595
599
606
605
596
597
522
501
479
464
445
432
424
400
388
371
361
351
341
325
310
290
270
252
331
140
163
147
127
110
89
76
60
52
45
44
34
13
0
0
0
0
0
0
0
0
0
0
0
0
0
0
0
0
0
0
9
25
26
38
41
53
60
71
78
87
96
106
191
104
107
146
160
171
183
194
207
216
229
248
253
248
233
225
228
230
236
245
253
260
269
278
286
288
292
296
303
307
321
325
333
333
327
326
328
332
334
339
350
431
264
338
340
348
351
353
352
355
361
368
370
361
344
328
325
327
331
341
346
348
350
350
343
345
346
344
343
341
343
344
343
345
350
355
346
342
340
335
335
338
341
351
434
261
325
337
353
354
355
360
364
370
378
382
373
357
340
337
338
339
341
340
343
343
341
342
341
341
341
339
336
340
334
337
334
338
335
341
345
352
343
338
332
329
328
329
325
343
414
247
314
323
329
331
332
340
346
351
360
359
357
339
324
319
318
321
320
322
322
325
328
332
329
327
329
330
331
331
333
329
330
327
329
331
336
347
339
334
323
325
322
321
316
354
335
257
318
322
322
326
329
334
344
346
354
353
343
323
307
302
308
304
307
314
314
318
319
319
320
322
326
325
323
322
329
334
327
330
322
324
326
326
327
354
345
263
331
334
337
333
340
341
349
356
366
363
353
329
315
309
308
307
308
307
307
309
311
311
313
315
315
312
321
325
317
316
309
306
305
311
315
332
396
246
320
328
335
336
343
342
345
351
359
363
355
329
314
313
311
314
312
316
318
319
322
322
318
315
317
316
322
327
339
334
328
322
323
321
325
323
329
415
262
296
324
333
337
342
342
343
347
356
362
361
345
323
312
319
319
323
332
329
339
339
339
333
332
332
329
325
327
325
329
337
329
326
323
326
326
330
330
333
332
409
284
290
322
329
326
327
332
337
343
350
354
354
342
321
308
303
308
308
317
316
318
318
321
321
322
325
324
325
321
328
332
323
320
315
315
319
325
326
324
331
422
262
331
333
341
339
348
347
356
356
361
357
352
333
318
305
303
299
298
303
302
305
302
304
305
304
301
305
309
300
298
294
293
297
298
305
310
333
340
246
314
320
326
329
339
346
351
358
366
361
347
323
309
311
310
307
308
313
318
320
323
323
325
322
321
317
320
315
323
324
320
324
318
316
320
317
319
319
335
427
251
314
316
322
325
332
337
347
354
367
370
367
344
326
314
318
326
329
333
337
341
343
346
343
342
342
334
332
329
324
318
320
321
334
326
321
314
310
306
301
300
301
310
409
227
289
294
300
308
308
317
324
332
338
347
343
325
303
291
291
288
291
296
297
302
303
299
300
300
300
301
302
304
304
303
307
313
324
318
317
311
309
311
308
306
313
323
406
263
296
314
324
327
328
338
341
350
360
364
365
347
327
315
309
306
306
313
315
316
318
316
322
321
321
324
322
332
331
324
323
315
312
311
311
312
311
340
370
251
316
320
325
327
334
335
342
350
358
359
348
322
308
304
306
309
310
313
317
319
320
319
318
317
319
322
321
325
323
324
322
334
326
318
317
315
316
315
317
319
420
251
297
312
323
324
328
333
340
344
354
359
353
337
319
308
304
304
301
298
300
303
307
307
309
305
306
304
306
304
306
306
305
312
315
317
316
308
304
306
307
308
308
320
415
242
294
306
312
314
319
327
335
341
352
358
352
332
317
306
307
315
317
322
326
324
326
326
325
322
323
325
322
321
320
324
321
320
329
333
323
320
309
304
301
301
305
311
385
286
277
306
308
311
315
319
326
335
348
354
354
344
321
309
302
302
304
310
310
317
317
317
314
311
313
315
315
316
321
325
325
318
306
304
305
306
309
310
389
269
277
307
310
311
317
322
330
336
347
351
349
333
310
297
293
294
298
303
304
308
307
309
303
307
309
308
309
307
311
314
326
318
314
305
308
309
311
309
352
329
256
313
324
327
334
334
335
342
348
362
362
349
330
322
316
313
315
316
320
320
322
321
321
322
328
327
327
324
321
321
329
338
329
332
327
319
315
314
311
308
335
369
244
307
318
325
326
329
329
333
342
348
354
346
326
307
299
297
302
303
307
309
311
314
314
315
313
317
312
309
309
311
310
313
324
320
317
312
316
315
313
311
320
414
263
306
315
323
326
328
335
338
342
354
361
357
336
312
300
300
304
304
306
305
311
313
312
315
315
312
313
313
313
319
313
305
302
300
298
294
296
314
372
230
300
298
307
310
312
312
323
335
344
342
332
311
295
287
285
288
292
292
293
302
302
305
306
310
308
310
314
316
329
322
323
318
313
314
317
316
347
356
253
309
318
323
326
327
334
342
346
355
356
350
327
310
305
307
306
305
307
310
311
314
310
310
310
308
311
317
320
321
323
318
312
310
310
312
311
314
319
421
251
308
312
317
321
325
328
334
346
353
361
356
338
314
300
296
296
304
304
304
306
306
304
308
311
310
311
314
314
316
321
326
325
324
323
321
325
323
325
329
354
396
265
328
337
340
339
340
346
346
358
363
359
351
332
315
305
301
295
298
298
304
305
305
307
314
314
317
321
322
328
324
323
315
313
313
314
317
315
351
324
260
317
324
323
326
330
332
331
342
353
352
336
310
293
286
285
287
287
294
298
300
305
300
299
299
298
305
307
301
302
299
297
296
304
307
314
390
274
272
307
312
311
313
317
321
329
341
350
350
336
318
304
299
301
303
300
304
306
307
307
307
311
313
312
309
312
321
324
320
319
313
313
312
308
312
313
375
310
273
317
327
329
331
333
336
343
348
356
353
346
325
311
304
303
301
306
306
307
307
309
312
311
317
316
317
318
322
325
328
335
333
333
324
325
324
326
323
322
329
426
252
312
312
320
321
326
333
342
350
360
361
353
333
307
296
292
296
304
307
310
314
316
318
328
332
331
332
334
334
340
351
343
344
334
334
331
333
337
339
372
388
297
354
360
357
349
349
346
348
356
365
368
357
332
310
296
292
294
298
304
304
304
306
304
299
299
302
300
300
303
301
294
291
298
303
298
295
326
321
239
295
300
308
319
329
337
348
360
371
368
358
334
321
316
316
317
320
320
316
315
311
308
304
302
302
305
304
314
322
324
323
315
312
317
314
312
309
369
294
269
313
322
328
333
338
346
354
365
370
374
361
341
322
319
319
311
310
311
312
318
324
330
330
328
334
330
331
332
340
353
346
344
336
333
331
328
323
324
403
288
287
323
329
326
327
326
331
338
348
353
352
340
312
299
293
296
295
294
296
300
303
301
296
295
294
296
298
302
305
312
315
313
303
304
306
309
315
319
359
328
273
334
342
338
336
339
341
348
356
364
366
352
327
309
302
303
299
302
301
305
306
303
300
299
302
300
304
309
312
314
311
299
295
291
292
295
294
353
281
262
309
312
315
316
320
330
336
346
354
356
346
324
310
306
306
304
302
304
307
313
313
315
315
313
320
318
324
322
325
334
333
330
323
324
323
323
322
336
434
265
326
327
331
328
334
336
340
345
350
356
347
325
309
299
302
309
315
323
327
334
332
330
324
316
312
311
305
305
312
317
317
318
313
305
300
300
302
301
301
336
361
252
313
326
336
335
339
342
354
359
365
368
362
340
321
311
307
305
311
313
310
315
316
319
321
326
323
322
318
315
321
320
313
310
304
305
304
304
305
396
255
294
298
297
302
301
312
321
331
346
356
351
331
309
300
300
301
300
307
309
311
310
303
306
305
306
303
312
320
317
318
308
305
312
311
305
310
405
266
291
309
309
308
316
327
335
350
364
363
362
346
316
301
300
304
307
309
313
321
331
335
342
342
343
348
344
344
346
354
348
341
330
327
325
326
324
328
425
256
304
315
324
324
330
336
339
343
353
357
358
337
309
300
300
301
301
304
305
304
300
299
297
307
310
315
316
319
321
327
334
332
333
327
328
329
327
329
327
327
409
298
297
325
331
335
333
334
342
350
365
371
370
359
338
323
314
312
312
314
314
316
320
316
318
313
314
312
315
311
310
310
314
316
318
329
321
313
306
309
306
307
310
314
378
287
270
311
318
317
324
325
325
330
339
343
345
335
314
296
287
281
282
287
289
291
287
287
286
289
289
290
289
284
284
281
285
279
290
293
290
293
288
292
300
301
306
305
369
293
267
310
323
328
333
341
350
360
372
380
380
364
333
317
313
312
312
319
320
321
320
326
330
330
327
328
335
335
340
344
351
341
333
328
323
326
325
327
351
384
262
319
318
327
332
335
335
337
345
352
357
343
323
302
298
295
295
293
297
294
294
292
295
291
294
301
305
310
317
322
338
347
337
340
336
331
330
334
333
334
434
275
325
362
369
377
383
393
383
370
382
369
346
344
286
267
246
249
270
248
252
264
272
297
265
271
284
314
319
283
267
297
258
270
239
226
240
242
239
275
284
190
251
247
254
262
274
283
300
316
343
353
340
325
327
316
350
354
366
360
369
360
367
371
365
365
359
360
356
345
322
353
343
358
362
340
402
307
304
333
328
334
328
355
367
406
427
466
455
422
372
287
213
226
227
267
319
330
276
351
299
296
271
262
235
175
230
265
343
353
348
319
436
243
319
296
334
355
338
343
335
313
301
289
267
246
217
224
231
247
240
231
245
195
190
209
260
236
245
241
243
293
305
314
334
381
387
290
345
348
334
315
306
315
318
326
328
329
302
274
252
235
196
233
240
290
350
372
379
386
393
397
387
387
385
382
383
385
492
339
375
383
381
378
370
373
373
380
383
386
383
361
332
318
317
322
319
318
307
322
321
317
329
316
324
320
319
324
328
360
362
251
312
321
325
326
321
330
338
354
353
275
205
153
110
106
173
125
187
86
0
0
0
0
0
90
330
311
317
319
308
307
308
307
303
307
307
391
443
495
539
586
618
621
590
584
560
502
501
503
515
516
517
510
503
475
458
436
431
405
389
368
456
295
298
316
307
310
299
303
299
303
298
303
300
288
256
247
246
243
240
219
211
214
239
227
215
211
194
196
205
205
204
250
221
163
211
210
213
234
246
262
270
299
308
321
318
278
314
296
303
308
312
316
347
354
347
345
331
328
318
320
294
341
436
267
321
318
332
331
329
310
336
340
339
338
334
310
286
263
284
273
280
287
292
303
327
331
335
323
336
344
345
341
355
445
276
341
328
331
321
323
335
337
338
339
294
312
294
151
130
138
189
226
254
279
297
311
310
331
320
318
319
325
304
370
420
252
333
346
344
346
333
335
337
341
348
350
324
327
303
305
216
363
317
293
257
150
332
301
309
282
284
263
281
272
355
255
302
343
337
345
329
320
220
378
338
333
295
401
347
326
270
366
0
0
0
0
331
317
316
313
314
314
314
330
476
498
491
540
548
554
537
484
300
270
209
255
343
294
283
403
434
466
481
556
434
432
440
392
436
436
436
448
440
440
494
438
393
437
433
420
423
420
407
400
398
395
373
351
327
310
266
319
301
290
275
269
264
254
261
251
253
265
265
270
339
239
200
258
259
266
263
271
261
275
276
296
286
284
287
256
252
243
252
252
246
220
236
235
248
230
238
235
248
274
325
176
232
245
243
248
244
268
278
309
322
334
319
304
290
302
314
319
333
342
336
237
79
90
142
175
209
226
254
345
258
270
306
325
338
348
346
358
367
379
241
130
104
0
6
0
0
0
0
0
0
0
0
0
127
201
223
266
324
344
401
271
362
360
295
294
284
357
427
408
352
394
353
404
390
389
408
418
401
391
435
416
429
456
464
460
427
217
119
222
127
180
13
24
64
307
139
162
119
106
93
156
150
309
393
471
535
567
475
238
300
300
300
317
267
0
0
0
235
214
216
217
220
226
228
198
101
221
418
637
437
644
641
644
644
637
643
644
615
382
445
224
333
321
239
66
201
165
184
0
356
162
263
208
115
377
192
90
222
269
177
268
147
161
130
237
156
164
140
161
130
157
167
180
172
129
146
126
116
115
111
104
110
102
104
96
92
81
84
71
77
80
72
94
82
100
84
88
79
98
91
104
195
88
103
140
143
157
175
175
193
195
211
214
224
213
198
183
187
184
193
196
211
221
215
234
226
239
239
249
247
258
256
270
270
294
282
281
270
273
280
280
404
229
283
282
291
296
309
304
314
315
329
331
335
322
292
279
269
279
279
280
280
279
272
272
264
266
270
271
267
273
277
272
270
256
266
266
270
262
261
249
252
247
245
256
377
199
253
263
268
274
275
288
294
307
313
326
319
307
286
282
267
280
283
288
261
298
298
281
267
301
306
301
319
305
299
303
293
279
315
307
305
325
319
323
290
317
289
241
261
319
368
194
238
237
234
219
239
225
229
229
271
245
228
225
206
196
178
155
212
181
176
179
172
173
169
172
168
172
171
179
177
181
175
188
182
192
194
193
199
202
201
197
189
192
194
214
293
131
198
205
216
221
225
238
230
239
243
248
241
238
215
202
196
196
197
203
209
210
219
218
226
228
228
231
239
237
250
257
264
268
276
293
300
301
303
309
301
298
285
288
283
323
327
208
258
274
279
284
289
296
311
316
332
336
326
306
273
260
252
247
251
249
256
260
267
264
266
265
266
274
277
282
279
277
281
289
284
289
287
300
292
285
280
280
285
301
379
236
303
294
291
287
293
306
311
313
323
331
326
313
288
273
259
260
266
263
264
265
269
264
263
257
260
259
264
261
262
263
262
260
257
264
257
243
230
228
226
222
340
176
220
218
227
232
239
243
249
262
265
275
277
265
233
220
211
218
225
220
226
225
224
230
225
223
227
218
219
222
233
236
252
263
287
302
311
328
340
360
400
501
341
413
410
418
416
411
412
399
395
398
392
382
365
340
315
300
298
293
286
281
258
270
249
243
242
241
231
249
244
250
260
268
256
244
245
237
231
224
249
257
160
215
212
232
246
254
273
283
287
296
294
293
275
255
230
224
214
215
199
232
279
282
282
258
231
214
206
199
216
213
227
228
211
210
207
217
233
340
174
236
250
253
241
256
250
258
262
268
284
276
276
264
252
247
253
249
260
254
257
253
260
255
256
259
258
261
267
271
280
279
284
277
275
283
274
358
272
230
280
279
288
291
311
320
328
323
329
325
304
345
310
278
228
285
358
340
305
299
289
286
282
278
273
269
260
265
282
285
277
274
272
271
270
311
388
228
297
311
322
335
337
345
346
345
345
346
338
316
299
272
257
251
249
259
263
264
260
270
267
264
261
264
258
243
231
226
223
211
218
235
299
151
218
203
226
213
238
232
255
264
274
284
281
273
237
234
219
225
220
227
222
224
209
200
179
155
166
158
175
191
213
207
197
185
198
202
213
361
193
314
306
296
289
295
298
301
281
295
276
283
256
249
216
214
206
220
212
212
232
220
212
200
194
172
184
173
176
130
77
0
0
0
0
0
0
2
57
51
287
470
603
646
646
648
648
648
646
647
647
647
644
401
348
310
314
338
435
566
644
632
463
350
276
194
155
125
97
97
62
60
59
82
88
95
191
96
100
162
171
188
191
197
232
237
261
264
275
261
256
235
252
248
258
256
254
244
245
226
207
218
207
219
215
243
236
265
261
237
242
282
300
337
396
375
290
337
345
336
338
306
318
321
331
319
331
312
299
265
260
241
246
256
258
266
262
272
270
278
272
280
278
290
284
309
315
315
311
298
310
301
306
297
346
359
263
285
315
317
334
330
345
339
345
355
352
349
331
319
306
314
313
321
324
334
326
333
332
330
329
322
321
321
326
328
328
323
314
313
321
314
323
349
423
271
335
344
343
363
330
330
337
342
344
340
333
316
305
294
280
275
281
285
290
292
298
303
309
302
301
296
297
308
311
305
296
283
278
281
278
281
327
350
219
287
293
300
308
317
321
325
341
352
353
360
343
331
312
311
311
313
315
320
319
313
308
306
309
310
300
293
294
302
307
311
302
291
286
283
290
298
423
247
279
295
301
306
308
311
313
320
331
336
342
333
318
298
295
297
298
299
305
302
294
288
294
298
304
305
306
316
328
328
318
320
317
315
323
409
291
321
333
334
335
335
346
356
362
367
381
388
377
352
338
337
335
338
345
346
338
342
334
339
334
342
334
342
328
327
329
330
332
342
442
294
331
324
329
324
326
318
319
319
327
332
322
313
286
276
270
269
265
270
266
271
264
274
275
285
290
286
287
274
272
273
277
270
281
386
222
291
274
284
287
288
296
301
304
318
321
312
295
279
265
270
270
274
276
276
277
288
284
287
293
307
308
307
299
297
295
296
301
332
412
259
325
320
330
333
340
347
348
359
364
367
361
350
328
316
323
322
320
326
320
328
336
338
347
354
358
361
362
355
360
355
363
356
407
372
319
345
360
356
359
370
370
389
399
405
409
398
374
360
347
357
359
356
364
345
353
344
349
340
346
334
328
313
308
301
301
320
377
233
291
288
284
280
274
275
275
284
297
302
300
281
267
266
263
263
271
275
277
275
277
286
291
297
301
303
291
298
304
310
309
338
395
264
326
324
328
336
344
351
364
370
385
386
377
359
344
337
340
344
345
344
339
335
333
336
336
327
317
300
298
297
298
292
302
403
269
305
307
309
309
309
316
322
328
343
348
349
334
308
296
294
290
296
288
300
296
298
302
305
308
306
287
296
290
293
300
318
449
285
335
339
347
352
360
361
369
376
390
398
403
389
375
361
355
352
339
329
330
306
295
277
277
283
308
312
316
320
324
322
321
352
377
257
302
308
313
320
323
331
333
338
340
337
319
301
281
272
275
281
280
279
288
283
291
290
305
320
324
310
320
323
322
326
342
466
303
352
344
344
329
324
350
358
361
362
370
377
360
330
313
308
311
312
303
293
320
311
317
331
302
332
318
289
312
308
290
347
278
272
294
254
264
261
287
287
298
343
376
382
375
346
312
282
309
302
328
336
298
329
272
332
407
323
344
393
370
359
354
459
292
363
360
371
373
383
388
388
391
398
401
394
372
284
41
37
95
46
97
99
91
122
113
37
18
100
222
310
368
396
540
433
470
508
526
536
552
560
563
580
586
588
581
594
514
520
518
514
503
492
489
475
467
391
217
204
154
164
232
278
318
341
480
337
350
359
373
373
387
406
407
414
410
380
373
367
358
374
388
366
370
365
380
188
198
282
50
148
227
281
314
347
358
377
394
480
375
431
423
429
431
427
439
414
524
496
479
458
416
292
205
164
119
163
183
180
190
271
174
292
330
348
414
401
402
486
431
478
464
381
455
349
239
227
35
69
0
0
0
0
0
60
114
97
249
309
299
313
419
389
382
315
376
419
426
490
572
552
600
625
520
514
520
591
432
493
443
359
373
502
526
413
340
390
336
378
365
369
393
384
408
413
381
380
428
461
485
535
543
571
582
596
570
597
580
576
566
555
538
525
524
547
518
453
486
468
484
458
458
451
459
462
464
451
444
408
387
379
363
361
352
350
342
341
336
339
349
357
356
358
361
378
372
362
354
345
354
353
362
404
438
337
391
388
388
385
372
368
374
386
391
398
387
371
351
355
347
357
350
357
352
340
325
340
341
338
354
343
361
362
376
374
389
387
404
401
381
378
379
383
393
386
504
342
382
402
402
422
420
408
408
423
427
446
434
428
405
379
363
367
366
375
371
383
380
382
385
427
419
422
440
447
455
425
430
421
417
400
401
428
417
402
441
448
429
408
442
416
428
415
416
446
441
429
381
349
352
368
354
384
406
466
447
439
486
496
484
570
527
443
397
351
310
359
228
314
300
305
329
344
370
368
404
438
456
424
402
373
368
357
353
341
308
316
306
340
329
350
353
378
378
366
305
154
232
232
291
253
266
264
159
125
185
284
353
397
470
467
458
456
462
466
482
488
494
502
525
540
563
527
544
525
526
532
517
522
507
476
479
482
504
502
481
578
456
504
491
494
514
514
528
462
563
555
531
495
564
534
527
485
501
535
484
465
439
446
431
395
375
329
348
353
453
414
443
422
362
351
345
331
351
333
290
314
285
393
243
247
323
311
279
274
286
327
364
402
478
488
383
405
439
465
429
382
386
363
419
520
466
455
432
463
387
396
399
404
417
438
477
556
605
513
526
483
453
424
389
463
319
354
368
368
382
388
391
401
421
400
412
408
399
396
383
378
380
391
378
386
388
381
377
395
401
414
430
437
451
464
468
476
488
478
466
453
458
465
437
478
425
401
426
420
431
438
453
472
464
474
478
479
449
406
361
349
318
334
345
355
363
358
380
390
377
402
411
416
420
412
380
440
402
429
428
442
437
442
583
438
447
350
287
281
270
241
346
393
399
354
328
312
310
353
302
191
187
93
109
85
162
166
65
88
173
129
159
246
324
412
499
577
642
651
653
653
653
652
653
651
561
528
531
543
520
560
461
399
352
231
369
305
241
225
289
19
116
159
197
244
257
265
282
284
304
366
309
311
308
323
423
262
394
367
387
395
480
488
506
550
635
634
605
603
537
545
619
566
575
542
557
547
432
261
49
7
0
0
110
174
252
263
261
290
291
361
274
326
328
315
363
349
366
336
345
403
420
299
217
204
121
3
163
206
290
267
302
365
336
357
320
308
285
321
295
314
304
276
410
296
422
359
396
422
442
494
466
466
533
491
572
557
551
552
507
379
331
286
272
256
215
197
212
224
199
181
226
257
280
312
327
370
266
347
300
276
278
298
274
288
294
321
315
297
214
190
169
140
166
168
233
284
370
461
521
513
489
632
634
626
467
544
509
485
307
313
287
274
257
276
257
263
202
221
217
157
133
113
96
143
200
229
222
232
169
305
192
257
208
87
362
276
196
0
479
388
356
532
554
647
443
371
312
219
294
318
393
445
455
474
474
543
605
647
650
651
648
571
520
413
273
309
177
94
183
299
240
195
164
144
107
145
105
120
130
179
175
69
147
202
92
189
61
133
97
162
259
185
223
208
369
355
314
334
351
396
379
465
417
391
406
445
527
594
630
577
511
475
460
540
639
649
608
552
454
418
399
333
254
277
267
305
386
456
503
394
305
470
330
295
379
164
52
0
131
122
182
48
322
227
51
437
266
256
327
142
358
295
147
116
143
221
264
150
334
155
650
255
328
23
197
520
250
178
0
515
332
0
356
331
290
203
89
263
238
280
156
351
262
356
342
568
588
649
477
651
652
650
599
448
365
304
187
190
231
220
128
327
468
332
414
326
490
529
208
484
162
41
0
0
115
384
119
236
287
405
428
406
450
437
367
324
320
349
216
269
359
219
66
182
353
283
211
319
338
370
313
314
36
0
359
269
273
305
143
90
186
254
412
414
383
370
396
381
423
218
492
396
352
297
306
363
336
333
399
336
418
444
402
412
456
479
460
417
420
348
411
414
436
369
388
354
354
339
344
308
298
356
391
399
331
283
296
339
380
387
366
344
359
427
304
358
338
331
327
329
328
338
346
352
348
335
319
303
295
286
287
287
296
294
296
292
293
295
304
307
303
302
297
299
304
307
321
411
257
316
316
329
335
341
338
341
355
364
365
356
339
322
317
307
308
306
308
309
316
319
323
324
328
328
322
332
332
332
335
344
428
297
344
344
350
352
356
358
368
373
384
387
385
365
351
340
341
343
350
350
351
347
351
349
343
340
326
327
331
339
340
346
438
307
337
347
354
355
352
353
362
363
368
365
364
347
330
323
320
323
328
330
340
362
378
381
384
386
380
372
366
358
358
362
355
416
351
328
346
351
345
348
349
348
355
360
361
352
340
316
303
300
296
296
294
300
304
302
299
305
308
310
311
324
328
328
321
319
320
324
318
324
320
349
394
284
330
337
343
344
347
340
344
349
360
356
353
333
320
315
306
304
305
308
303
307
300
296
293
297
295
294
289
296
303
310
313
307
311
316
317
320
331
340
350
469
333
360
367
368
376
379
382
392
390
390
383
383
363
345
337
332
334
338
333
333
325
325
329
324
328
324
325
327
330
337
333
333
327
325
323
319
322
333
399
279
329
339
341
349
348
352
354
359
366
368
361
344
323
311
309
308
314
312
314
316
316
312
317
312
312
311
317
314
312
304
304
309
309
310
356
330
279
313
323
331
334
339
341
350
357
356
357
348
334
321
321
321
320
321
325
322
327
323
321
321
321
324
325
331
337
335
331
324
324
330
332
333
349
452
303
341
340
348
351
347
353
360
368
376
382
376
357
335
329
327
330
330
333
329
326
326
326
327
324
323
324
323
320
322
332
338
331
326
316
316
325
329
331
333
422
316
326
336
344
342
346
350
358
366
376
381
375
363
336
326
324
326
325
334
336
340
340
343
336
336
330
321
327
324
323
321
323
319
322
318
316
312
316
314
312
313
314
386
312
302
327
336
327
326
323
327
331
338
343
337
325
305
294
289
293
294
302
306
309
312
319
320
321
327
334
334
337
339
344
348
336
334
330
333
333
336
329
378
321
286
312
317
315
317
314
310
316
324
331
330
320
296
289
287
286
289
295
299
309
307
310
308
307
307
305
307
311
322
321
319
314
311
311
312
312
319
345
388
277
317
326
328
325
325
333
340
353
360
366
357
340
321
318
313
310
312
312
315
313
314
315
319
315
315
316
322
318
321
324
326
342
336
337
332
331
332
338
337
337
436
311
327
335
341
343
344
350
356
362
372
369
358
338
318
302
300
296
305
307
317
315
313
316
318
319
318
321
320
324
324
329
328
324
332
339
339
335
325
313
314
305
310
305
358
313
270
299
313
315
320
321
330
335
344
352
350
344
323
307
298
305
304
307
308
309
304
303
303
306
301
304
304
311
308
307
311
313
322
323
322
315
313
317
326
323
340
412
265
325
329
336
344
352
357
359
375
386
388
386
362
342
328
312
320
318
322
320
321
326
328
326
328
322
327
321
328
336
329
329
321
316
316
315
308
349
320
278
315
315
320
326
327
334
341
349
360
357
351
327
312
304
303
296
304
304
308
301
308
306
316
323
340
351
348
346
340
334
337
343
341
346
421
320
321
330
338
336
343
346
351
354
357
362
356
339
320
311
302
298
301
305
306
308
307
307
298
306
315
314
311
317
314
309
311
315
312
334
389
280
318
331
337
340
347
344
355
364
386
378
357
333
323
316
323
334
324
319
313
309
305
305
305
305
311
312
305
318
321
323
314
317
396
301
307
321
329
340
343
345
354
362
371
380
388
364
329
321
319
318
311
318
316
316
311
315
322
329
324
328
331
322
322
319
322
322
318
344
370
279
306
322
323
320
327
328
333
343
348
346
334
316
307
311
314
308
304
309
315
318
317
312
312
319
325
322
322
311
310
312
316
316
321
314
342
355
277
300
316
322
325
342
345
352
360
370
372
361
333
325
324
315
310
313
316
319
318
323
329
327
324
309
324
321
318
321
317
315
321
313
313
304
307
402
272
303
317
327
335
331
337
351
359
376
386
365
337
318
305
308
302
300
304
304
316
320
328
328
330
322
323
322
332
331
328
320
321
320
322
325
323
329
357
379
295
333
345
347
344
341
347
349
362
365
367
358
335
315
303
293
292
294
306
311
320
327
323
320
315
327
326
329
327
335
335
336
329
329
330
331
337
334
328
332
413
277
315
326
328
324
325
326
337
343
356
357
352
329
315
308
312
309
302
308
308
316
314
312
313
310
307
308
312
312
313
312
318
310
310
303
307
308
306
312
307
320
389
278
307
315
318
323
323
331
335
353
360
357
350
332
320
314
314
321
321
324
330
325
328
331
327
325
327
326
329
336
338
332
337
336
336
338
348
343
336
335
332
331
325
328
329
330
392
355
315
336
343
347
350
347
350
357
367
375
374
365
342
325
319
308
316
320
321
321
315
307
306
307
308
306
300
306
304
301
305
299
298
317
319
319
333
345
348
335
335
333
344
352
349
343
345
390
368
312
339
359
338
348
355
358
363
381
377
378
354
334
320
310
300
294
311
318
306
302
300
302
295
284
288
292
297
295
303
296
299
294
305
301
293
307
311
308
290
306
308
306
306
314
316
408
271
312
313
321
318
320
330
326
338
356
360
355
351
321
315
306
302
308
313
313
322
318
317
313
311
308
309
312
310
308
311
319
316
326
330
331
329
316
311
319
319
326
341
425
289
338
332
334
331
323
329
339
342
360
359
358
338
319
306
306
308
316
313
316
321
320
317
319
313
318
318
313
310
316
326
316
320
317
327
327
327
319
319
309
308
318
326
321
415
273
320
320
335
341
340
346
349
359
377
389
373
347
328
315
320
311
312
307
312
310
311
309
302
303
303
293
293
299
300
297
295
301
309
312
312
319
314
317
299
304
294
299
301
390
268
287
306
303
315
314
329
330
341
356
369
370
349
322
305
306
305
309
309
315
318
322
328
329
332
338
333
335
346
348
359
351
354
346
345
341
351
344
369
386
300
342
347
344
352
352
355
366
378
390
384
376
349
329
317
319
307
308
309
315
312
310
311
306
305
304
320
332
332
328
327
328
334
323
334
403
302
321
334
346
350
352
359
366
369
383
391
386
365
346
333
326
328
321
320
310
314
317
327
325
331
340
339
336
339
339
336
335
340
340
344
384
346
313
341
352
349
354
353
352
354
356
361
360
332
298
275
260
258
251
254
246
252
249
250
251
257
256
264
276
280
279
275
273
269
271
272
285
291
289
295
292
338
337
264
299
312
318
319
332
343
347
353
360
371
356
335
322
324
319
326
327
327
323
329
329
332
335
339
338
336
336
345
340
333
326
323
323
319
324
326
320
331
333
350
445
306
348
358
360
366
369
367
370
386
390
384
374
349
330
314
318
322
327
326
329
328
330
322
322
318
322
316
316
317
314
312
322
315
320
310
301
300
294
296
297
309
315
311
311
377
314
278
319
329
336
345
351
354
366
375
380
375
367
344
319
311
309
311
304
315
317
320
322
326
326
332
333
346
333
329
326
321
323
325
327
325
320
327
353
368
279
320
326
332
334
332
332
340
358
377
371
353
314
342
321
334
333
320
348
345
334
323
339
330
319
324
304
297
337
312
317
328
313
318
369
332
313
315
404
266
318
315
324
290
308
345
282
282
338
370
365
355
342
336
320
310
333
334
306
322
332
330
335
339
328
323
328
312
323
325
331
331
322
327
310
319
312
317
335
539
649
652
652
652
651
652
650
473
283
266
226
168
118
81
43
31
26
32
36
32
50
66
68
84
107
122
107
127
145
160
167
197
188
181
178
180
189
218
224
195
233
257
254
245
256
293
350
237
297
326
334
335
335
333
329
331
340
350
346
336
322
326
333
333
335
333
328
331
334
334
329
324
316
335
337
329
333
329
320
315
333
333
344
340
339
347
344
342
345
433
275
323
312
324
325
331
335
346
356
368
378
376
353
329
328
319
325
323
332
335
340
342
345
344
352
349
352
355
353
354
357
355
354
352
349
364
366
366
365
356
349
345
344
343
346
402
364
308
344
349
354
357
339
313
296
283
320
345
282
238
209
197
238
288
285
324
315
326
339
330
357
345
337
332
333
334
338
330
336
328
313
292
276
315
367
370
391
398
399
409
463
439
369
420
424
438
430
426
431
441
443
448
438
415
396
371
353
289
186
165
108
64
47
31
42
43
52
49
56
71
82
94
107
137
158
156
164
179
180
209
218
221
281
298
214
266
292
284
292
323
346
346
349
373
353
297
268
211
166
228
206
212
224
227
226
248
340
380
424
438
461
439
415
366
417
388
369
356
345
326
335
343
336
353
461
284
361
432
485
510
525
503
554
555
558
514
576
522
446
475
489
452
435
418
409
396
379
344
338
277
236
213
254
121
66
108
151
152
193
194
164
244
251
295
233
263
199
245
412
402
399
377
389
369
400
477
460
451
402
394
430
453
447
448
416
415
369
324
326
317
293
298
320
311
310
306
300
300
291
280
289
320
334
391
319
296
314
320
330
305
359
333
348
356
368
381
373
362
321
355
331
337
342
320
350
344
324
324
304
281
268
177
307
284
249
343
324
319
244
352
366
369
410
404
526
301
411
396
371
389
398
399
385
421
421
388
339
383
345
330
343
264
306
265
384
365
356
371
369
368
288
397
382
360
346
369
359
286
299
343
282
300
291
287
326
231
341
234
283
316
237
292
304
313
328
314
378
367
359
346
333
345
317
319
345
336
339
341
343
344
348
335
342
361
352
334
368
396
364
350
341
300
225
144
0
0
0
0
0
0
0
0
0
0
0
0
0
0
0
0
0
0
0
0
0
0
0
0
0
0
0
0
0
0
17
94
131
177
213
260
304
322
338
397
376
441
455
493
512
605
467
552
553
549
624
645
626
647
627
650
650
649
650
650
650
651
650
648
650
650
652
651
653
651
651
651
653
652
652
650
651
651
651
651
649
650
649
651
651
651
651
651
652
652
651
652
651
651
652
651
651
652
651
652
652
650
651
650
635
557
589
499
503
481
493
425
428
565
439
144
0
0
0
0
0
0
0
0
0
0
0
0
0
0
0
0
0
0
0
0
0
0
0
0
0
0
0
0
0
0
0
0
0
0
0
0
0
0
0
0
341
648
651
156
0
0
0
0
0
0
0
354
323
323
325
324
325
339
214
42
0
0
0
0
0
0
0
0
0
0
0
0
0
0
0
0
0
0
0
0
0
0
0
0
0
0
0
0
0
0
0
0
0
0
0
0
0
0
0
0
0
0
0
0
0
0
0
0
0
0
0
0
0
0
0
0
0
0
0
0
0
0
0
0
0
0
0
0
0
0
0
0
0
0
0
0
0
0
0
0
0
0
0
0
0
0
0
0
0
1
145
254
363
525
512
566
636
646
651
651
651
652
651
652
651
652
652
651
652
651
647
324
327
327
327
327
327
648
633
629
625
650
650
650
652
652
650
652
652
651
650
649
649
601
523
627
650
651
651
651
652
651
642
467
316
156
0
0
0
0
0
0
0
0
0
0
0
0
0
0
0
0
0
0
0
342
322
322
324
323
324
305
0
0
0
0
0
0
0
0
0
0
0
0
0
0
0
0
0
0
0
0
0
0
0
0
0
0
0
0
0
0
0
0
0
0
0
0
0
0
0
0
0
0
0
347
321
312
314
317
318
0
0
0
301
314
318
320
317
315
317
138
0
327
320
316
317
315
319
315
0
151
315
317
320
321
319
322
320
576
64
0
0
0
0
0
0
0
0
0
0
0
0
0
0
0
0
0
0
0
0
0
0
0
0
0
0
0
0
0
0
0
0
0
0
0
0
0
0
0
0
0
0
0
0
0
0
0
0
0
0
0
0
0
0
0
0
0
0
0
0
0
0
0
0
0
0
0
0
0
0
0
0
0
0
0
0
0
0
0
0
0
0
0
0
0
0
0
0
0
0
0
0
0
0
0
0
0
0
0
0
0
0
0
0
0
0
0
0
0
0
0
0
0
0
0
0
0
0
0
0
0
0
0
0
0
0
0
0
0
0
0
0
0
0
0
0
0
0
0
0
0
0
0
0
0
0
0
0
0
0
0
0
0
0
0
0
0
0
0
0
0
0
0
0
0
0
0
0
0
0
0
0
0
0
0
0
0
0
0
0
0
0
0
0
0
0
0
0
0
0
0
0
0
0
0
0
0
0
0
0
0
0
0
0
0
0
0
0
0
0
0
0
0
0
0
0
0
0
0
0
0
0
0
0
0
0
0
0
0
0
0
0
0
0
0
0
0
0
0
0
0
0
0
0
0
0
0
0
0
0
0
0
0
0
0
0
0
0
0
0
0
0
0
0
0
0
0
0
0
0
0
0
0
0
0
0
0
0
0
0
0
0
0
0
0
0
0
0
0
0
0
0
0
0
400
330
320
314
312
313
311
0
0
653
652
317
325
320
322
321
321
323
71
650
651
652
653
653
653
652
653
653
652
652
653
652
652
653
653
653
653
652
651
652
652
652
653
652
652
652
652
652
653
653
652
653
652
652
652
652
652
652
653
651
650
133
4
0
0
0
0
0
0
0
0
0
0
0
0
0
0
0
0
0
0
0
0
0
0
0
0
0
0
0
0
0
0
0
0
0
0
0
0
0
0
0
0
0
0
0
0
87
230
75
143
255
437
524
453
590
637
651
651
650
651
652
649
651
638
570
647
650
650
651
652
652
651
651
652
625
231
0
0
0
0
0
0
0
0
0
0
0
0
0
0
0
0
0
0
0
0
0
0
0
0
0
0
0
0
0
0
0
0
0
0
0
0
0
0
0
0
0
0
0
0
0
0
0
0
0
0
51
112
155
230
173
211
312
383
562
347
530
470
611
627
645
651
648
651
652
651
651
651
650
650
649
646
649
649
649
649
648
558
559
553
588
536
550
412
483
467
440
524
650
652
651
652
652
652
651
652
652
652
651
652
652
652
653
653
651
653
652
652
652
653
652
651
652
650
650
568
478
563
650
650
650
651
650
652
652
651
652
652
652
651
652
652
651
650
649
649
649
139
0
0
0
0
0
0
0
0
0
0
0
0
0
0
0
0
0
0
0
0
0
0
0
0
0
0
0
52
73
179
262
286
273
311
295
289
385
411
459
450
556
651
652
651
653
652
652
652
651
653
652
652
652
652
652
653
652
652
652
652
651
653
651
652
652
652
652
652
651
653
652
652
652
653
651
652
653
652
653
652
652
652
652
652
651
648
543
597
591
578
491
402
349
314
303
246
107
71
78
0
0
0
0
0
0
0
0
0
0
0
0
0
0
0
0
0
0
0
0
0
0
0
0
0
0
0
0
0
0
0
0
0
0
0
0
0
0
0
0
25
81
142
198
265
282
298
337
382
406
323
216
241
268
301
304
294
336
330
521
382
324
394
385
352
353
361
364
409
462
467
496
559
524
496
355
358
358
351
352
401
432
472
450
416
378
382
352
249
344
230
182
86
87
29
41
98
57
90
34
22
165
50
5
20
41
67
21
3
49
59
48
29
3
27
0
0
0
0
0
0
0
0
0
0
5
0
10
25
54
146
243
278
304
358
380
448
474
476
465
449
506
485
469
467
530
496
319
390
362
330
271
296
281
249
213
181
161
67
17
0
0
0
0
0
50
0
0
2
25
30
34
80
127
134
160
175
181
203
208
228
256
315
329
352
399
491
543
430
638
648
650
650
651
652
650
652
651
652
652
653
651
651
653
651
652
652
652
651
651
651
650
604
406
245
171
154
110
67
35
0
0
0
0
0
0
0
0
0
0
0
0
0
0
0
0
0
0
0
0
0
0
257
423
649
651
651
653
652
651
651
652
652
652
653
652
652
652
653
652
653
652
651
652
652
651
652
653
652
652
651
652
652
652
653
653
651
653
652
651
651
652
652
651
649
646
593
543
527
538
540
481
436
413
349
363
341
334
357
346
305
315
309
284
291
284
274
291
242
131
256
225
200
161
192
205
138
143
164
231
381
435
486
569
647
425
320
204
54
0
0
0
0
0
0
0
0
0
0
0
0
0
0
0
0
0
0
0
0
0
0
0
0
0
0
0
0
0
145
497
651
653
653
651
652
652
651
652
653
653
653
652
651
652
652
651
651
652
456
603
649
650
651
651
651
652
653
651
651
652
652
651
651
650
649
647
583
505
368
291
339
238
229
192
104
77
77
178
154
206
112
109
65
24
63
114
232
267
221
153
172
165
152
131
162
118
280
101
174
164
171
181
125
56
0
0
0
0
0
0
0
0
0
0
0
0
0
0
0
0
0
0
197
347
376
427
523
442
312
180
76
0
0
0
0
0
0
98
0
93
165
234
323
351
392
511
648
650
651
647
647
651
651
651
651
651
651
653
652
652
653
652
652
651
652
652
652
652
652
651
652
652
651
651
651
652
650
651
649
651
628
314
258
233
118
6
0
0
0
0
0
0
0
0
0
0
0
0
60
355
599
651
651
589
0
0
0
0
0
0
0
0
0
0
0
137
229
462
647
648
651
651
651
653
652
651
651
651
400
224
40
0
0
0
0
0
0
0
0
6
0
0
54
74
114
163
167
273
281
260
279
344
379
381
424
425
475
458
440
467
555
349
368
378
335
262
104
0
0
0
0
0
0
0
0
0
0
0
0
0
98
188
358
439
605
621
649
651
651
652
651
651
651
652
652
652
652
652
651
651
649
246
421
358
303
233
212
205
216
213
282
297
339
317
363
425
563
552
128
0
0
0
0
0
0
0
0
0
0
0
0
0
62
320
321
321
321
321
323
253
549
651
652
652
651
652
652
651
652
651
652
652
652
652
652
652
651
652
652
652
652
652
651
652
652
652
651
652
652
651
652
651
651
648
445
307
270
182
128
185
0
0
0
0
0
0
0
0
0
0
0
0
0
0
0
0
0
0
0
0
0
0
0
0
414
296
340
338
339
336
336
335
333
651
651
652
652
477
344
336
340
338
337
335
651
652
651
652
395
344
338
338
339
341
340
652
638
344
341
345
343
347
345
347
651
389
357
355
362
360
366
368
369
581
651
652
651
651
652
653
651
651
651
652
652
651
651
652
653
652
651
651
651
652
652
652
652
652
651
652
651
652
651
651
653
652
651
651
653
653
652
651
651
651
652
652
652
652
652
651
651
652
651
652
652
652
652
652
652
651
652
652
652
651
651
652
651
652
652
651
651
652
652
652
652
651
651
652
651
652
651
652
652
651
651
652
651
651
652
652
651
652
652
651
651
651
651
651
652
651
651
652
652
652
653
651
652
651
652
652
652
651
651
652
652
652
652
651
651
651
652
651
651
653
652
651
652
651
652
652
651
653
651
652
652
652
652
652
653
651
651
651
651
652
653
651
652
653
653
651
652
653
653
652
651
651
652
651
651
652
651
652
652
651
652
651
651
651
652
651
652
652
653
652
651
652
652
652
651
652
651
651
651
653
651
651
652
651
652
652
652
651
652
651
653
652
652
653
651
653
652
651
651
652
651
651
651
651
652
651
651
651
652
651
651
653
652
652
651
652
652
651
651
651
652
651
652
652
652
652
652
652
651
652
651
651
651
652
651
652
652
651
652
651
652
651
651
651
651
652
652
651
651
651
652
652
651
652
652
652
651
651
652
651
651
651
653
651
652
651
653
652
652
652
652
652
650
653
652
651
651
651
652
651
651
652
651
652
651
651
652
651
651
652
652
651
652
651
652
652
651
652
651
652
652
651
652
651
651
651
652
652
652
651
651
652
651
652
651
651
652
652
651
652
651
651
652
651
652
651
651
653
651
651
653
651
652
652
652
652
652
651
652
653
651
651
652
652
651
652
652
651
651
651
653
651
651
652
652
652
651
651
652
652
651
651
652
652
651
652
651
651
652
652
652
651
652
652
652
652
651
651
652
651
652
651
652
651
652
652
652
651
652
652
652
651
652
652
652
653
652
652
652
652
652
652
651
651
653
651
651
651
651
651
652
651
652
651
652
651
651
651
652
652
652
652
651
652
652
652
652
652
652
651
652
651
652
651
651
651
652
651
652
651
652
651
652
652
651
651
651
652
651
651
652
651
652
652
652
651
651
652
652
651
651
651
651
651
653
652
651
651
651
651
651
652
651
653
651
652
651
650
652
651
652
652
652
653
652
652
651
652
652
652
652
651
650
651
652
651
652
651
652
652
651
651
651
651
652
652
651
651
652
652
652
653
651
651
651
652
651
651
651
651
652
652
651
652
652
652
651
651
652
651
652
652
651
652
651
652
651
652
651
651
652
651
652
652
653
651
651
651
651
652
652
651
652
652
651
300
284
284
264
289
260
281
0
299
299
304
310
314
315
317
410
0
0
21
320
324
323
322
323
323
323
0
0
0
0
651
652
651
651
651
651
651
651
651
647
318
321
323
322
322
320
2
577
597
648
643
574
606
566
0
0
0
0
0
342
318
319
322
321
323
322
13
102
0
0
0
0
0
0
0
0
0
0
0
0
0
650
652
652
651
651
651
651
652
651
651
652
652
651
651
652
650
651
652
650
651
651
650
652
652
0
0
0
0
239
318
324
323
325
324
322
0
0
0
0
0
0
0
0
0
0
0
0
351
319
323
325
324
325
326
388
63
0
0
0
0
0
0
0
0
0
0
190
645
650
651
652
651
652
652
652
651
652
652
651
652
651
652
651
652
652
652
554
0
0
0
0
0
0
0
0
0
0
0
0
0
0
458
639
648
651
649
651
651
651
651
652
651
650
651
652
651
652
651
652
652
651
651
651
651
651
650
649
650
649
647
648
649
646
629
0
0
0
0
0
0
0
0
0
0
0
0
0
0
0
0
35
86
156
184
131
192
139
241
290
298
363
368
429
408
450
428
484
421
437
323
208
0
0
0
0
0
0
0
0
0
0
0
0
0
0
0
0
0
0
0
0
0
0
0
0
0
0
0
0
0
0
0
0
0
0
0
0
0
0
0
27
123
139
249
260
381
377
471
438
517
500
566
639
599
649
646
651
602
648
648
651
650
651
649
650
650
652
650
650
650
650
650
649
651
648
650
650
651
650
650
649
649
649
649
649
649
650
651
650
651
651
650
650
651
650
649
650
631
650
648
577
647
565
616
504
503
379
244
0
0
0
0
0
0
0
0
0
0
0
0
0
0
0
0
26
25
92
64
157
134
228
204
294
402
389
499
442
547
486
571
513
599
550
623
568
648
649
648
650
649
652
651
651
651
651
651
651
650
649
472
348
131
0
0
0
0
0
0
0
0
0
0
0
0
0
0
0
0
0
0
0
0
0
0
0
0
0
0
15
76
155
9
106
91
171
126
217
314
282
413
377
462
399
423
333
399
316
394
324
396
325
402
489
413
472
404
450
364
443
351
446
373
422
334
394
306
356
267
318
553
424
346
304
398
322
392
302
364
299
397
341
414
314
294
316
225
292
210
271
178
221
152
227
161
213
151
210
134
188
128
188
274
211
266
206
276
233
336
298
393
335
478
565
411
344
444
505
447
513
453
504
431
515
432
491
371
367
238
285
196
248
163
210
248
162
216
154
220
155
196
112
159
82
145
85
138
63
141
226
164
237
170
258
200
273
223
298
447
455
323
474
494
630
649
651
651
650
652
651
651
651
652
651
649
609
615
526
514
412
432
473
355
375
262
312
212
253
150
198
101
129
54
75
19
49
4
25
64
162
38
0
47
9
46
9
47
11
59
30
116
63
78
63
6
41
2
27
0
22
0
18
0
16
0
30
9
34
0
22
60
31
109
67
110
23
46
0
0
0
0
0
0
0
0
0
0
0
650
651
651
652
651
400
336
329
327
329
327
328
531
538
548
491
401
0
0
0
0
0
0
0
0
0
0
0
0
0
0
0
0
0
0
118
195
370
460
648
651
652
650
651
652
651
650
652
651
650
649
648
649
649
649
622
629
588
609
558
583
617
571
611
553
570
489
499
439
464
394
409
347
381
315
335
268
457
361
214
281
240
289
233
197
21
0
0
0
0
0
0
0
0
0
0
0
0
0
0
0
0
0
0
0
0
0
33
0
0
0
0
0
0
0
0
0
0
0
0
0
0
0
0
0
0
0
0
0
0
0
0
0
0
0
0
0
0
0
0
0
70
162
157
253
229
319
283
386
380
464
419
490
458
522
504
567
627
607
649
626
648
640
650
650
647
648
649
648
650
641
648
646
649
650
650
650
565
548
475
487
419
463
417
458
385
418
358
381
420
357
399
327
369
302
355
282
338
265
300
240
285
226
284
240
298
349
287
331
417
399
218
300
232
289
221
270
216
279
239
316
382
289
301
174
213
151
196
148
185
140
185
130
190
133
190
132
189
230
170
223
151
211
175
238
161
210
140
184
120
166
119
166
220
170
215
160
209
319
241
124
204
163
203
153
205
149
214
181
253
316
238
221
119
151
100
157
99
170
114
165
111
155
100
155
198
140
199
157
202
152
201
136
196
141
194
141
189
141
192
120
353
252
150
236
166
224
147
226
188
256
229
305
246
277
168
186
253
184
220
171
242
193
268
227
287
230
291
232
297
242
298
224
295
383
279
353
270
343
298
388
290
418
339
345
350
581
605
530
561
575
651
650
651
651
651
651
651
0
0
0
164
329
334
332
334
335
326
377
285
652
651
303
332
333
330
331
330
330
373
432
523
494
578
650
651
651
125
0
0
0
0
0
0
0
0
0
652
649
309
325
326
325
324
323
323
444
396
399
0
0
0
0
0
0
0
0
0
287
647
632
650
647
604
558
570
623
515
131
0
0
0
0
0
0
0
0
0
0
0
0
0
0
351
322
324
327
327
328
328
0
0
15
0
0
0
0
0
0
0
0
0
0
0
0
0
55
28
209
158
324
280
435
469
496
470
541
10
0
0
0
0
0
347
327
332
332
332
332
489
0
0
0
0
0
0
6
0
37
0
0
11
62
52
106
115
247
180
293
349
261
365
278
446
391
530
509
650
651
650
651
653
652
651
652
652
652
651
650
651
652
651
563
334
331
332
331
330
330
650
651
652
651
0
0
375
339
332
335
333
331
331
475
470
439
642
651
652
652
652
652
623
328
327
327
328
326
327
471
489
581
589
640
647
650
650
650
651
326
327
323
322
321
319
322
320
651
651
650
650
652
651
650
652
651
652
651
651
651
652
651
651
652
651
652
650
649
618
503
353
196
24
0
0
0
0
0
0
0
0
0
0
0
0
0
0
0
0
0
0
0
0
0
0
0
283
129
0
83
32
39
0
46
0
0
0
0
0
0
0
0
0
0
36
0
0
23
5
1
0
0
0
0
35
0
0
71
379
290
224
363
380
491
473
495
436
455
490
584
629
540
586
575
570
534
487
439
472
405
406
377
429
386
380
376
451
389
473
420
502
477
467
501
415
355
55
153
39
138
29
248
72
0
0
0
0
0
14
123
125
213
380
331
282
132
143
0
0
0
0
0
0
0
0
0
0
0
0
0
0
0
0
0
0
0
0
0
0
0
0
0
0
0
0
0
0
0
0
0
0
0
0
0
0
0
0
0
0
0
0
0
0
0
0
0
0
0
0
0
0
0
0
75
245
230
454
574
650
651
652
651
652
652
651
652
652
650
650
453
401
340
348
343
431
572
648
651
651
650
650
651
652
649
606
637
648
651
650
650
650
650
546
556
546
648
649
629
630
640
644
647
648
646
650
651
650
652
651
651
652
652
478
424
389
382
495
0
0
0
0
0
88
0
0
0
0
0
0
0
0
0
0
0
0
0
0
0
0
0
0
0
0
0
0
0
0
0
402
531
604
536
644
651
651
651
451
0
0
0
0
0
0
0
0
0
0
0
0
0
0
0
0
0
0
0
0
120
417
587
640
649
650
650
650
651
652
652
651
651
652
651
652
652
651
652
651
652
652
650
652
651
651
652
652
651
651
651
651
652
651
652
652
651
652
652
651
650
651
652
652
651
652
651
651
652
651
651
651
651
651
650
650
648
600
552
521
501
546
528
608
563
194
0
0
0
0
0
0
0
0
0
0
0
0
0
0
134
144
195
252
221
377
393
454
478
648
457
482
575
602
576
618
557
568
557
649
648
649
621
494
506
444
310
126
13
55
107
115
247
172
227
139
41
74
76
209
179
245
225
252
148
210
209
280
294
327
581
424
529
547
584
505
503
383
481
650
650
649
650
649
578
575
647
649
647
649
648
628
639
646
621
648
651
650
650
651
650
650
620
625
589
560
620
621
617
561
649
648
497
545
644
631
631
598
599
647
652
651
652
652
651
651
651
652
652
652
651
652
652
650
651
652
652
651
652
652
651
651
651
651
652
651
652
652
652
652
652
651
652
651
652
650
652
651
652
652
651
651
652
651
652
651
651
651
652
650
651
651
652
651
652
651
651
651
652
652
652
650
651
651
652
651
652
652
652
651
652
653
651
652
651
651
651
652
652
651
651
652
651
652
651
651
651
651
651
652
652
652
652
651
652
651
652
652
651
651
653
651
651
652
652
652
651
652
651
651
652
651
651
650
652
651
652
652
652
651
651
652
651
651
651
651
651
652
651
652
652
651
651
651
652
651
651
652
652
651
651
652
652
652
651
651
651
651
652
652
652
651
652
651
651
651
651
651
651
652
651
652
652
652
651
651
652
651
651
650
651
651
650
652
652
651
651
651
652
651
651
652
651
652
652
652
651
651
652
652
651
651
651
652
651
651
652
652
653
651
651
652
652
652
651
652
651
652
651
652
652
651
651
652
651
651
651
651
652
651
651
652
651
652
651
651
651
652
651
651
652
651
651
651
652
651
651
651
651
651
651
651
652
650
652
651
651
651
652
651
651
651
652
651
652
651
651
652
653
651
652
652
651
651
652
651
651
653
572
331
328
327
324
326
323
178
0
144
442
451
621
647
649
650
649
652
649
650
650
650
650
649
651
650
651
650
650
649
649
649
649
648
648
647
643
649
648
649
648
626
639
624
612
486
336
265
393
602
532
559
618
532
499
610
629
588
560
537
619
630
643
622
650
557
542
639
634
645
637
649
652
652
652
652
651
651
652
651
652
651
652
651
652
652
652
507
331
325
325
324
325
324
155
0
0
197
415
490
552
644
636
649
647
647
644
647
640
649
646
649
648
648
629
573
595
629
648
649
646
641
650
648
650
648
648
610
511
582
647
591
617
624
610
488
128
222
337
295
13
91
69
106
64
51
168
161
237
169
296
391
396
398
509
364
647
597
471
602
575
566
588
466
549
643
630
648
648
649
647
647
415
0
0
0
0
0
0
0
0
0
0
0
0
0
0
0
0
0
0
0
0
0
0
0
0
0
192
412
564
650
649
650
649
651
651
651
651
652
651
651
651
652
651
651
651
651
650
650
650
626
413
0
0
0
0
0
0
0
0
0
0
0
0
0
62
173
218
176
0
0
0
0
0
0
0
0
0
0
0
0
0
0
0
0
0
0
0
158
511
588
649
418
0
0
0
0
0
0
0
0
0
0
0
0
0
0
0
0
0
0
0
0
0
652
651
370
330
319
320
319
318
319
268
410
341
589
610
649
651
651
436
0
180
522
648
610
651
651
651
652
651
652
652
651
0
0
0
0
0
0
0
0
0
0
0
0
0
0
0
252
231
296
267
348
413
571
636
650
650
0
0
330
319
316
319
317
319
317
0
0
0
0
0
0
0
213
372
565
549
635
638
649
649
651
651
651
651
651
651
652
651
652
652
651
652
651
652
651
651
652
651
652
652
651
652
651
651
652
653
652
651
652
652
651
651
651
651
651
652
651
651
650
651
651
650
650
649
590
582
432
397
215
187
0
0
0
0
0
0
0
0
0
0
0
0
0
0
0
0
0
0
0
0
0
0
0
0
46
264
318
515
523
634
623
650
650
651
651
652
651
651
651
651
652
651
651
651
651
651
651
651
651
652
651
651
652
651
650
652
651
651
652
652
652
651
651
651
651
651
652
651
651
650
651
651
652
650
651
651
651
651
652
651
651
651
650
650
650
651
650
650
651
650
651
651
649
651
651
652
651
652
650
651
651
651
651
651
649
635
649
613
644
603
647
623
647
624
648
622
560
630
591
641
598
644
610
648
616
639
553
620
556
609
561
629
573
373
282
63
66
182
125
0
121
156
366
395
509
480
627
606
588
641
608
638
571
636
599
647
616
649
642
649
648
649
649
650
650
647
650
650
650
650
651
650
651
652
652
651
651
651
651
651
651
651
649
652
651
651
650
651
651
650
650
651
651
651
651
652
651
651
650
651
650
639
647
572
600
483
575
229
0
0
0
339
308
310
308
310
309
311
0
0
0
0
0
0
0
74
134
37
29
0
141
65
234
182
354
380
531
448
568
477
545
439
557
483
399
551
468
594
543
641
588
646
624
649
649
650
649
652
650
651
650
650
651
649
650
651
650
650
652
651
651
652
651
651
652
650
650
651
650
651
651
651
651
651
652
651
650
651
650
650
648
651
649
613
646
588
648
632
649
649
650
648
650
646
649
644
649
648
583
639
580
649
588
643
513
543
439
560
518
631
644
650
586
648
629
544
636
526
572
497
602
566
634
544
614
495
599
512
584
455
370
524
421
532
550
649
611
646
551
610
523
606
553
644
609
650
628
516
615
547
642
575
645
610
649
646
651
639
649
640
649
650
639
650
630
650
649
651
649
651
648
650
647
649
594
647
615
648
589
441
554
456
583
472
582
462
564
503
592
525
604
533
623
550
450
556
516
650
592
615
557
636
554
617
516
573
418
481
366
472
370
209
324
205
344
245
435
365
534
436
551
454
569
506
642
599
519
627
556
648
612
650
632
648
576
639
561
644
591
648
621
649
633
564
640
610
589
446
582
493
622
528
603
527
621
567
648
637
569
640
587
649
643
650
651
652
649
650
649
650
626
650
624
649
629
542
620
538
620
541
630
562
612
473
566
502
594
498
579
487
391
505
392
513
433
539
543
505
324
486
357
492
390
529
432
553
508
441
591
482
532
465
643
601
647
583
624
488
559
451
543
478
336
487
457
568
495
600
479
569
518
578
367
389
251
397
286
370
211
91
416
193
286
211
388
273
396
311
464
388
542
454
574
488
362
434
257
326
224
369
299
443
332
479
373
502
388
523
415
537
446
340
482
406
530
401
509
352
433
297
412
247
375
288
542
254
30
222
84
238
89
296
168
335
218
372
266
349
119
192
0
46
0
0
0
0
0
0
0
0
0
0
0
0
0
0
0
0
0
0
0
0
0
0
0
0
0
0
0
10
0
0
0
107
0
0
0
0
0
0
0
0
0
0
0
0
0
0
0
0
0
0
0
0
0
0
0
0
0
0
0
2
0
216
192
503
464
439
621
573
650
640
650
619
650
650
650
649
650
644
649
647
556
480
265
443
319
448
356
503
398
482
375
511
404
472
291
352
130
0
163
104
295
199
372
205
343
255
429
335
431
278
400
153
0
28
0
41
0
237
43
170
150
447
618
651
576
621
449
559
396
176
182
0
89
0
153
0
0
0
0
0
0
0
137
262
261
480
467
597
531
605
570
648
579
623
545
623
582
646
528
607
496
501
633
629
649
545
564
446
575
638
648
578
648
612
647
563
528
644
589
647
559
647
649
651
650
651
652
652
652
651
651
652
652
652
652
651
651
651
651
651
651
651
652
650
651
652
652
651
651
651
652
651
650
650
611
648
527
566
489
650
632
649
583
622
598
560
650
649
651
606
627
531
632
530
551
402
506
310
394
393
302
457
313
512
432
565
494
597
542
645
577
648
619
650
647
650
623
447
471
269
383
302
563
455
578
571
650
522
547
383
502
446
355
512
417
562
505
641
473
486
290
313
27
122
0
166
103
272
151
70
226
36
90
0
0
0
0
0
0
0
26
39
228
23
42
241
165
469
592
651
647
650
650
651
649
651
652
651
651
651
650
650
651
557
620
555
622
531
605
463
594
496
562
448
533
361
180
295
168
346
179
295
140
327
191
222
161
523
414
551
487
591
592
581
650
651
652
652
651
652
650
651
652
651
650
648
651
649
648
648
584
608
549
617
557
642
554
647
546
618
505
599
317
491
238
74
40
112
560
601
547
0
0
322
294
298
300
299
300
300
298
0
269
292
304
302
298
301
300
301
0
134
293
302
301
301
299
300
300
0
213
291
301
300
299
300
300
299
0
228
294
300
300
299
300
301
303
0
221
293
301
302
299
302
301
306
0
243
289
299
296
294
300
296
294
0
318
293
295
302
298
298
299
305
0
338
304
294
294
296
297
301
303
0
311
320
309
307
297
307
297
306
0
0
0
352
306
305
306
307
307
306
0
0
0
0
0
0
0
0
0
0
0
0
0
0
0
0
0
0
0
343
303
303
303
303
304
304
0
0
0
0
0
0
0
339
520
464
610
650
650
652
651
651
648
624
0
0
0
310
652
652
350
314
307
306
306
305
306
208
651
652
652
651
615
307
306
306
305
305
306
306
652
259
307
306
306
305
305
305
305
651
260
309
307
313
310
311
310
306
651
485
651
652
318
321
319
310
309
309
309
0
601
651
652
653
648
298
314
316
316
317
318
318
651
651
651
650
97
0
0
0
0
649
651
652
652
651
653
652
652
651
651
652
652
651
651
652
651
651
651
651
651
651
652
651
651
651
651
652
652
651
648
312
322
322
321
319
318
320
651
652
652
651
652
651
652
652
651
651
651
0
650
652
652
652
651
652
532
328
327
329
330
327
327
96
0
0
0
18
433
651
652
651
652
652
653
652
651
653
645
324
330
331
330
330
332
646
651
652
651
651
652
651
652
651
652
652
651
651
652
652
653
651
652
653
652
652
652
652
651
653
651
560
303
651
652
650
646
299
120
78
229
172
98
55
121
134
0
0
0
0
0
0
0
0
0
0
0
0
0
0
0
0
0
0
0
0
0
0
0
0
0
0
0
0
0
0
0
6
336
331
331
331
331
331
332
0
0
0
0
0
0
0
0
0
0
0
0
0
0
0
0
0
0
0
0
0
0
0
0
0
0
0
0
0
0
0
0
0
0
47
156
441
549
650
651
651
651
651
649
603
624
504
534
482
475
391
392
54
10
0
0
0
0
0
0
0
0
0
0
0
0
0
0
0
0
0
0
0
0
0
0
0
0
0
0
0
0
0
0
0
0
0
0
0
0
0
0
22
60
273
650
651
652
652
291
316
320
318
329
333
323
451
649
651
647
644
321
334
327
325
325
326
325
0
0
0
0
0
21
148
23
0
0
0
0
0
0
0
0
0
0
0
0
424
444
217
483
648
649
650
649
647
594
579
333
194
0
0
0
0
0
0
0
0
0
0
0
645
649
649
650
649
650
649
651
649
649
649
649
649
